Initial state: 3,4,3,1,2
After  1 day:  2,3,2,0,1
After  2 days: 1,2,1,6,0,8
After  3 days: 0,1,0,5,6,7,8
After  4 days: 6,0,6,4,5,6,7,8,8
After  5 days: 5,6,5,3,4,5,6,7,7,8
After  6 days: 4,5,4,2,3,4,5,6,6,7
After  7 days: 3,4,3,1,2,3,4,5,5,6
After  8 days: 2,3,2,0,1,2,3,4,4,5
After  9 days: 1,2,1,6,0,1,2,3,3,4,8
After 10 days: 0,1,0,5,6,0,1,2,2,3,7,8
After 11 days: 6,0,6,4,5,6,0,1,1,2,6,7,8,8,8
After 12 days: 5,6,5,3,4,5,6,0,0,1,5,6,7,7,7,8,8
After 13 days: 4,5,4,2,3,4,5,6,6,0,4,5,6,6,6,7,7,8,8
After 14 days: 3,4,3,1,2,3,4,5,5,6,3,4,5,5,5,6,6,7,7,8
After 15 days: 2,3,2,0,1,2,3,4,4,5,2,3,4,4,4,5,5,6,6,7
After 16 days: 1,2,1,6,0,1,2,3,3,4,1,2,3,3,3,4,4,5,5,6,8
After 17 days: 0,1,0,5,6,0,1,2,2,3,0,1,2,2,2,3,3,4,4,5,7,8
After 18 days: 6,0,6,4,5,6,0,1,1,2,6,0,1,1,1,2,2,3,3,4,6,7,8,8,8,8
Represent (current age , days) 
Initial -> (3,0),(4,0),(3,0),(1,0),(2,0)
after 1 day -> (3,1),(4,1),(3,1),(1,1),(2,1) == (2,0) ,(3,0),(2,0),(0,0),(1,0)
(0,1) = (6,0) + (8,0)
(1,1) = (0,0)
(2,1) = (1,0)
(3,1) = (2,0)
(4,1) = (3,0)
(5,1) = (4,0)
(6,1) = (5,0)
(7,1) = (6,0)
(8,1) = (7,0)

after 2 days  -> (3,2),(4,2),(3,2),(1,2),(2,2)
== (2,1) (3,1),(2,1),(0,1),(1,1) == (1,0) (2,0) (1,0) (6,0) (8,0) (0,0)
 
 after 5 days -> (3,5),(4,5),(3,5),(1,5),(2,5)
 == (2,4),(3,4),(2,4),(0,4),(1,4)
 == (1,3),(2,3),(1,3),(6,3),(8,3),(0,3)
 == (0,2),(1,2),(0,2),(5,2),(7,2),(6,2),(8,2)
 == (6,1),(8,1),(0,1),(6,1),(8,1),(4,1),(6,1),(5,1),(7,1)
 == (5,0),(7,0),(6,0),(8,0),(5,0),(7,0),(3,0),(5,0),(4,0),(6,0) 
== 5,7,6,8,5,7,3,5,4,6
After  5 days: 5,6,5,3,4,5,6,7,7,8

f(a,n) == f(a-1,n-1) == f(a+1,n+1)
where a in [1,2,3,4,5,6,7,8]

after 5 days -> (3,5),(4,5),(3,5),(1,5),(2,5)
== (2,4),(3,4),(2,4),(0,4),(1,4) == 2*(2,4),(3,4),(0,4),(1,4)
= (1,3),(2,3),()





after 5 days -> (3,5),(4,5),(3,5),(1,5),(2,5)
 == (2,4),(3,4),(2,4),(0,4),(1,4)
 == (1,3),(2,3),(1,3),(6,3),(8,3),(0,3)
 == (0,2),(1,2),(0,2),(5,2),(7,2),(6,2),(8,2)
 == (6,1),(8,1),(0,1),(6,1),(8,1),(4,1),(6,1),(5,1),(7,1)
 == (5,0),(7,0),(6,0),(8,0),(5,0),(7,0),(3,0),(5,0),(4,0),(6,0) 


 after 5 days -> (3,5),(4,5),(3,5),(1,5),(2,5)
 == (2,4),(3,4),(0,4),(1,4)
 == (1,3),(2,3),(6,3),(8,3),(0,3)
 == (0,2),(1,2),(5,2),(7,2),(6,2),(8,2)
 == (6,1),(8,1),(0,1),(4,1),(6,1),(5,1),(7,1)
 == (5,0),(7,0),(6,0),(8,0),(5,0),(7,0),(3,0),(5,0),(4,0),(6,0) 